-16207026230
17769273339
-1690827906
-3322846835
625762665
14669276726
-2924449861
12543542091
-15284167484
6694679379
-13051860389
-8710561537
6533974543
-3849266654
6184679692
-2868288406
-9979784823
-13752155961
4129143669
-7963225714
1132500398
2092857397
2538917748
7081695622
-5395254341
2799891471
-7242084210
4907972468
-12752470654
3229309977
-3408542961
8549252287
20289097385
-2637752566
12282769274
8991214271
-23491679981
-16074779705
1143102437
-8955796558
1797501202
1278933928
-4812423052
-3298387997
1885994342
-5652642088
-4723367331
108532491
1451855915
-1257433693
10121117850
-7144556496
-810078770
10865227477
-2972649197
-2899424956
4652779430
-10885724148
-3629699114
-7308810925
665830490
-8926923355
-3855806689
4487645531
1917701704
-4037691208
-4591121808
6748140750
12334536923
-4052136774
18273606525
5522116659
7170788243
696225222
13434135770
1710307046
-9709028873
7242214496
5082601649
2584324574
5028483532
-930610771
2497002274
-3887251090
5488339423
-2845767126
-15037124670
15218144776
-9718971083
-14485779036
-6464085988
2362217194
19478716956
15606834854
9533539775
18033242629
27723564282
