12026.0,10041.0,14366.0,5581.0,19921.0,18779.0,15727.0,6389.5,9351.0,8637.0,11346.0,15068.0,5297.0,5675.0,5385.0,14419.0,12064.0,9348.0,5991.0,7108.0,
4907.0,14907.0,17742.0,15236.0,15670.0,15146.0,7864.0,19232.0,13857.0,16087.0,18317.0,16017.0,17852.0,8605.0,4670.0,5508.0,14369.0,13703.0,12062.0,14130.0,9102.0,14150.0,7569.0,10002.0,10982.0,18467.0,10136.0,16741.0,9378.0,8248.0,12443.0,
7540.0,11378.0,8773.0,17826.0,5052.0,17528.0,13229.0,12483.0,6103.0,18138.0,11708.0,11741.0,11774.0,16635.0,15601.0,13620.0,11639.0,18048.0,5172.0,13936.0,11631.0,11805.0,8729.0,12178.5,15628.0,15294.0,12457.0,5232.0,17985.0,13300.0,7703.0,17425.0,
18347.0,14260.0,9439.0,10254.0,16433.0,12512.0,14995.0,6601.0,13375.0,17933.0,17008.0,6269.0,14080.0,5680.0,17516.0,11675.0,5834.0,13219.0,9725.0,19362.0,
14896.0,18993.0,15672.0,14753.0,17040.0,16522.0,10899.0,16497.0,7296.0,6109.0,11521.0,10254.0,18867.0,8504.0,10459.0,17224.0,19830.0,11895.0,11788.0,15119.0,17234.0,17302.0,5413.0,12219.0,11223.0,10818.0,8648.0,10681.5,12715.0,4753.0,12884.0,
19888.0,9820.0,16038.0,11725.0,19850.0,13116.0,6516.0,17550.0,14606.0,7650.0,11861.5,16073.0,19186.0,7975.0,17328.0,11023.5,4719.0,19361.0,9618.0,6246.0,10263.0,5077.0,6157.5,7238.0,10260.0,6602.0,13490.0,10376.0,7262.0,5520.0,12939.0,19235.0,8983.0,12298.5,15614.0,19751.0,6074.0,7661.0,14563.0,8454.0,19061.0,9769.0,7812.0,16882.0,15549.0,
7615.0,12495.0,5455.0,19810.0,16008.0,5050.0,16949.0,15966.0,18455.0,15621.0,9039.0,8891.0,6543.0,18813.0,7120.0,11355.0,9069.0,6544.5,8995.0,7598.0,8869.0,14387.5,19906.0,11606.0,14163.0,12213.0,17360.0,5273.0,8647.0,13037.0,10839.0,9647.5,8456.0,6866.0,5725.0,19354.0,12004.5,4655.0,18379.0,9995.0,5001.0,8391.0,11297.0,5120.0,12672.0,4967.0,11210.0,11560.0,14343.0,10957.0,
17298.0,7215.0,12113.0,9736.0,5687.0,14231.0,9750.0,10009.0,18181.0,14297.0,18112.0,7579.0,14739.0,8689.0,11730.0,11400.0,14432.0,17464.0,6772.0,14987.0,5821.0,10931.0,16041.0,12848.0,7210.0,
5118.0,7483.0,4835.0,12981.0,16997.0,6709.0,7986.0,19460.0,13274.0,7230.0,10640.0,13390.0,11265.5,19910.0,8165.0,12606.5,17048.0,9045.0,5285.0,8047.0,10809.0,16344.0,6118.0,11220.0,
9206.0,9652.0,18372.0,8248.0,9086.0,5708.0,19039.0,7667.0,17777.0,15845.0,15705.0,7826.0,8894.0,16447.0,17506.0,8722.0,13500.0,7385.0,7904.5,13968.0,12150.0,16945.0,16290.0,
6603.0,9764.0,19393.0,8895.0,13882.0,17323.0,9266.0,8624.0,16945.0,5005.0,7516.0,4818.0,17075.0,10742.0,10948.0,15984.0,16792.0,19153.0,14848.5,10544.0,18232.0,18535.0,4675.0,15145.0,17636.0,4837.0,19242.0,14528.0,9406.0,9548.0,14348.0,6750.0,14758.0,7349.0,12609.0,8329.0,8123.0,9502.0,14793.0,16754.0,6626.0,18500.0,
18686.0,11801.0,18847.0,18824.0,9617.0,19066.0,12567.0,17014.0,13755.0,11684.0,14247.0,17646.0,12900.0,19967.0,17227.0,16967.0,7647.0,8525.0,8329.5,8134.0,18690.0,5082.0,9532.0,9711.0,7327.0,7172.0,19196.0,16645.0,6010.0,10942.0,15302.0,19224.0,9009.0,16783.0,16577.0,13881.5,11186.0,14906.0,12910.0,6212.0,8370.0,17915.0,5085.0,10099.0,6354.5,17475.0,5003.0,8706.0,11154.0,18429.0,19266.0,19623.0,8306.0,19235.0,11654.0,8039.0,
17280.0,5722.0,5564.0,14478.0,11860.0,9485.0,16634.0,5676.0,10363.0,12320.5,14278.0,7199.0,10803.0,9913.0,9451.0,11732.0,19065.0,12512.0,13089.0,19221.0,7384.0,6692.0,9011.5,11331.0,14560.0,17654.0,7287.0,10812.0,10148.0,16487.0,8915.0,7806.0,7639.0,19745.0,11438.0,18945.0,7279.0,17110.0,19452.0,16484.0,13516.0,8796.0,5675.0,11552.0,8689.0,5826.0,19657.0,9377.0,6196.0,7038.5,11000.0,7595.0,13754.0,11465.0,17581.0,9994.0,15613.0,18362.0,
4719.0,13219.0,12428.0,17490.0,8531.0,14465.0,18936.0,13908.0,9297.0,5627.0,17319.0,19120.0,15882.0,4761.0,8289.0,10293.0,15189.0,8929.0,10929.0,
8182.0,4658.0,17121.0,10905.0,17195.0,16395.0,12124.0,5239.0,19293.0,11464.0,9777.5,16463.0,17151.0,10925.0,7017.0,9926.0,18729.0,7545.0,8809.0,13491.0,15770.0,11204.0,11347.0,7877.0,12556.0,18989.0,9869.5,5202.0,13240.0,13315.0,5556.0,8300.0,11044.0,11411.0,14841.0,8837.0,17427.0,7265.0,8191.0,16681.0,5607.0,7151.0,9244.0,10781.0,12318.0,9586.0,6854.0,13105.0,18973.0,4922.0,13246.0,10026.0,
15738.0,17486.0,5284.0,11173.0,18810.0,10783.0,15125.5,19468.0,11935.0,8325.0,7099.0,12258.0,9670.0,7148.0,4626.0,11192.0,8371.5,12230.0,7690.5,13589.0,13233.0,13349.0,13465.0,5807.0,15342.0,13593.5,11845.0,12734.0,10155.0,7767.0,15313.0,7846.0,15454.0,15108.0,10175.0,5242.0,5906.0,14359.0,7456.0,5987.0,5691.0,9463.0,14037.0,16375.0,6352.0,14881.0,8959.0,15338.0,5475.0,13420.0,
10173.0,13565.0,10486.0,15940.0,5121.0,17177.0,5956.0,7820.0,9306.0,11176.0,13046.0,14011.0,14976.0,5447.0,19964.0,8289.0,11457.0,14256.0,9990.0,11616.0,8148.5,12668.0,13997.0,19085.0,12745.0,17078.0,15742.0,12884.0,13992.0,8309.0,18581.0,9212.0,13930.0,18493.0,7907.0,17105.0,16116.0,13368.0,8263.0,12474.0,5423.0,16126.0,17667.0,12319.0,7627.0,12940.0,13962.0,12530.0,15051.0,10888.0,11079.0,7866.0,11791.0,5536.0,6235.5,6935.0,19250.0,16923.0,19913.0,14786.0,10303.0,
7974.0,13192.0,7441.0,7361.0,4960.0,9747.0,7061.0,16241.0,5415.0,12635.0,7886.0,11075.0,11467.0,18988.0,8290.0,19530.0,15854.0,16390.0,7723.0,7781.0,14610.0,6003.0,12251.0,7839.5,12266.0,6427.0,10902.0,14002.0,18016.0,11974.0,6364.0,14271.0,14493.0,14537.0,8280.0,18284.0,9619.0,16651.0,13673.0,16498.0,19883.0,19012.0,5357.0,7932.0,19284.0,17398.0,14376.0,7377.0,15827.0,16458.0,11955.0,
9182.0,7276.0,16875.0,18948.0,8735.0,6422.0,10593.0,13412.0,15356.0,8946.0,14918.0,19425.0,17192.0,13459.0,12280.0,5914.5,10096.0,6361.0,11900.0,9665.5,7431.0,19362.0,15109.0,12071.0,11843.0,11615.0,19931.0,10582.0,9550.0,13569.0,17588.0,10184.0,19571.0,14971.0,12522.5,10074.0,12564.0,12895.0,10667.0,16684.0,11768.0,10349.0,14677.0,9041.0,16973.0,11636.0,12419.0,14516.0,13045.0,17548.0,5490.0,
4819.0,7043.0,6158.0,7676.0,10541.0,11282.0,17185.0,12981.0,5896.0,9073.0,8769.0,8465.0,17871.0,14774.0,12525.0,9939.0,19874.0,10123.0,12640.0,13779.0,14918.0,8960.0,16817.0,19582.0,19455.0,11992.0,16813.0,6606.0,5470.0,8391.0,19996.0,16836.0,6036.0,12841.0,17929.0,18295.0,19077.0,7322.0,16244.0,16022.0,
7891.0,17492.0,18206.0,5915.0,12808.0,7489.0,17782.0,11342.0,18271.0,8907.0,15852.0,5291.0,10629.0,5785.0,12130.0,9175.0,14537.0,16341.0,15159.0,14789.0,13258.0,15949.5,18641.0,10596.0,13694.0,10189.0,18574.0,8413.0,9972.0,5243.0,19767.0,5189.0,12779.0,
9384.0,13427.0,7112.0,8385.0,8057.0,15392.0,7758.0,4909.0,12525.0,9126.0,8837.0,10351.5,11866.0,12412.0,9373.0,19687.0,15788.0,18744.0,8356.0,6234.0,15501.0,13821.0,15098.0,11978.0,16102.0,6483.0,16478.0,19919.0,8904.0,
18369.0,19176.0,5003.0,8651.0,16034.0,16482.0,16305.0,4729.0,15524.0,10345.0,15215.0,8800.0,19858.0,6869.0,9946.0,8700.0,9275.0,15607.0,9236.0,12174.5,15113.0,15993.0,13302.5,10612.0,10991.0,17722.0,11311.0,12412.0,8412.0,8824.0,8987.5,9151.0,10313.0,16405.0,15986.0,8010.0,11715.0,18604.0,11540.0,14253.5,16967.0,4754.0,5111.0,13249.0,5421.0,18282.0,18782.0,15281.0,10513.0,5570.0,
5693.0,7438.0,7486.0,5881.0,18680.0,16831.0,5340.0,6449.0,8699.0,8126.0,8014.0,18951.0,18217.0,15363.0,12279.0,11326.0,10373.0,6755.0,6657.0,9554.0,12565.0,17298.0,16295.0,8062.5,12354.0,7254.0,18913.0,15284.0,12954.0,17709.0,10643.0,13239.0,18930.0,10854.0,16117.0,10590.0,19889.0,16325.0,18162.0,12721.0,18512.0,
15723.0,10582.0,16602.0,16783.0,5085.0,10771.0,18873.0,14416.0,14716.0,4828.0,19665.0,10525.0,17810.0,18032.0,15479.0,6247.0,5056.0,17550.0,16238.0,17540.0,7053.0,5823.0,18792.0,14531.0,9513.5,6162.0,16985.0,11629.0,14275.0,8458.0,8205.0,10582.0,16110.0,7297.0,
16885.0,6375.0,8857.0,15038.0,4678.0,18288.0,5897.0,19300.0,16736.0,5775.0,5730.0,9133.5,15228.0,4738.0,6668.0,5924.5,9020.0,12863.0,13496.0,8829.0,7360.0,10831.0,10406.0,9553.0,13135.0,11534.0,
15403.0,13548.0,15538.0,11246.0,19059.0,14834.0,18149.0,5289.0,17800.0,7331.0,18291.0,15562.0,18554.0,9402.0,16353.0,5266.0,4627.0,15238.0,8798.0,6115.0,12009.0,16064.0,
14549.0,14846.0,17308.0,5754.0,13190.0,5494.0,8009.0,6770.0,17006.0,5081.0,9583.0,17258.0,18166.0,13090.0,16703.0,9740.0,8464.0,8628.0,6662.0,14181.0,18507.0,8455.0,6305.0,12187.0,6386.0,7124.0,11416.0,6770.0,7997.0,8797.0,10300.0,11803.0,18350.0,14222.0,7109.0,12432.0,14240.0,16029.5,17819.0,8751.0,17116.0,15379.0,6798.0,16344.0,7921.0,4774.0,17239.0,6821.0,
9304.0,12870.0,19217.0,16087.0,11723.0,18807.0,10625.0,8976.0,10080.0,10806.0,14013.0,17220.0,11382.0,8405.0,7164.0,19305.0,15862.0,16988.0,4988.0,7324.0,13395.0,12078.0,12519.0,12960.0,7208.0,5768.0,4896.0,5756.0,11184.0,7037.0,8459.0,14598.0,7374.0,13464.0,14535.0,15606.0,9379.0,4956.0,9659.0,19990.0,14705.0,12438.0,15529.0,18620.0,5464.0,7159.0,12444.0,12595.0,
13828.0,12804.0,5463.0,18207.0,14360.0,17773.0,4775.0,16033.0,12122.0,13861.0,7190.0,7585.0,13155.5,18726.0,7317.0,12111.0,14637.0,9335.0,9813.0,16068.0,13115.0,13994.0,13141.0,12288.0,8085.0,9949.0,17258.0,5657.0,19649.0,19877.0,7309.0,12466.0,12569.0,16275.0,
15761.0,6690.0,8006.0,14272.0,17357.0,11088.0,12209.0,14544.0,13250.0,15186.0,19394.0,10709.0,4696.0,14463.0,9058.0,12111.0,9832.0,10754.0,16964.0,
16653.0,6085.0,13331.0,10442.0,8671.0,11658.0,6172.0,7949.0,5968.0,14263.0,17041.0,6165.0,10533.0,17125.0,8625.0,7292.0,9967.0,16299.0,18473.0,9894.5,10156.0,18996.0,17612.0,9889.0,10846.0,18706.0,9748.0,10742.0,
12650.0,7105.0,16872.0,16803.0,5695.0,8223.0,9854.0,10756.0,9382.0,8104.0,11655.0,9536.0,6857.0,9027.0,9929.0,11068.0,8479.0,11385.5,19096.0,14705.0,9437.0,7606.0,11049.0,15102.0,19155.0,18323.0,16407.5,14492.0,9067.0,12629.0,16191.0,11913.0,7635.0,14812.0,4799.0,7428.0,10057.0,19694.0,12978.0,14971.0,16121.0,18270.0,12119.0,6052.0,8726.0,7034.0,16560.0,8876.0,17589.0,4901.0,11473.0,
13038.0,8993.0,14343.0,9119.0,14644.0,6949.0,17566.0,17514.0,5559.0,18815.0,8259.0,13206.0,19209.0,9204.0,9082.5,14812.0,7329.0,9847.0,14167.0,18487.0,10718.0,7089.0,9241.0,14270.0,16021.0,5244.0,10736.0,10644.0,10552.0,15845.0,13625.0,17270.0,5821.0,16338.0,18752.0,12841.0,11132.0,
17432.0,8405.0,12413.0,5630.0,12701.0,6875.0,7510.0,17776.0,14281.0,19079.0,19012.0,14280.0,5349.0,10567.0,5838.0,5354.0,6677.0,12513.0,10448.0,19239.0,6798.0,6417.0,19465.0,14523.0,9218.0,6897.0,
4786.0,18869.0,15088.0,13813.0,11355.0,16470.0,7989.0,13175.0,11060.0,18120.0,16977.0,15834.0,14760.0,5306.0,13576.0,9630.0,10134.0,14049.0,15858.5,17668.0,18289.0,16955.0,10010.0,5132.0,11213.0,4692.0,11537.0,10988.0,6232.0,12690.0,5489.0,7520.0,10095.0,10842.0,11560.5,12279.0,8556.0,17832.0,18868.0,16760.0,16432.0,10037.0,16310.0,15574.0,10793.0,7270.0,15083.0,15754.0,16713.0,6571.0,8954.0,
18926.0,16584.0,14035.0,10834.0,8758.0,8655.0,16887.0,8799.0,10010.0,9257.0,17715.0,17594.5,17474.0,12399.5,7325.0,7554.0,15925.0,15659.0,11507.0,14575.0,14568.0,14561.0,18245.0,17920.0,12337.0,16739.0,12757.0,11327.0,9897.0,17106.0,14013.0,10920.0,8210.0,17935.0,14247.0,13499.0,19313.0,9423.0,9542.0,5108.5,8063.0,19620.0,19023.0,5026.0,17439.0,10994.0,8332.0,10414.0,6505.0,18129.0,6331.0,5367.0,8505.0,
18988.0,13263.0,18596.0,8247.0,19918.0,17759.0,12042.0,12415.0,12727.0,9832.0,18636.0,13216.0,18715.0,5685.0,17176.0,16414.0,13421.0,12355.0,16108.0,14884.0,18165.0,8909.0,8972.0,5114.0,19550.0,15186.0,14469.0,16125.0,18005.0,15402.0,19992.0,5631.0,14350.0,16399.0,
9481.0,19319.0,17696.0,6471.0,7244.0,9570.0,15133.0,11886.0,8121.5,15952.0,15938.0,13034.0,12511.0,11339.0,13274.0,10899.0,8753.0,16604.0,19123.0,9323.0,19904.0,19583.0,14556.0,7643.0,9875.0,9283.0,6672.0,
14903.0,17234.0,17074.0,9976.0,18501.0,9942.0,10778.0,17787.0,13872.0,13851.0,12494.0,13439.0,18995.0,18841.0,10617.0,
5193.0,12221.0,10349.0,7279.0,15580.0,15695.0,6158.0,9195.0,10528.0,7839.0,13805.0,9195.0,11368.0,6232.0,6056.0,18854.0,15141.0,19111.0,14736.0,15578.0,7737.0,13743.5,19750.0,9897.0,5261.5,12328.0,17750.0,13772.5,9795.0,9078.0,14212.0,19346.0,11726.0,13379.0,16244.0,15536.0,17588.0,17254.0,
9000.0,18997.0,18315.0,14419.0,15856.0,12825.0,9281.0,11614.0,13260.0,14906.0,15909.0,13280.0,6174.0,17601.0,16984.0,16367.0,18783.0,17406.0,16600.0,15794.0,14632.0,10199.0,16335.0,14292.0,9398.0,8592.5,16360.0,6381.0,10372.0,19979.0,9087.0,10317.0,7549.0,5136.0,7775.0,5626.0,15455.0,17390.0,9334.0,8277.0,19794.0,19666.0,8748.0,17282.0,17171.0,19526.0,9967.0,
16595.0,9314.0,19542.0,9642.0,11985.0,5424.0,11176.0,19872.0,11803.0,8311.0,15807.0,18620.0,11328.0,14123.0,16918.0,13513.0,19382.0,5387.0,12220.0,6823.0,15931.0,17623.0,8334.0,7000.0,11012.0,5998.5,7724.0,15071.0,15796.0,9144.0,13725.0,18306.0,7624.0,14247.0,12600.0,13298.5,13997.0,7196.0,5177.0,17665.0,10940.0,10654.0,11111.0,13060.0,14798.0,16984.0,19170.0,13098.0,9217.0,12551.0,16538.0,17264.0,8857.0,16959.0,4856.0,17235.0,14051.0,
17061.0,8620.0,9889.0,19250.0,4779.0,13576.0,16233.0,9534.0,9234.0,18567.0,10035.0,11815.0,10109.0,18346.0,5287.0,13730.0,10771.0,10776.0,9245.0,13227.0,5888.0,12000.0,19664.0,15655.0,9293.0,19287.0,5691.0,7622.0,7777.0,9940.0,6049.0,13149.0,17391.0,18921.0,
16209.0,7286.0,12222.0,10509.0,5816.0,6337.0,6482.0,17165.0,11243.0,16273.0,16387.5,16502.0,5252.0,5892.0,7663.5,9435.0,17122.0,17670.5,18219.0,11725.0,18802.0,19835.0,9571.0,7445.0,11967.5,16490.0,11361.0,6883.0,16823.0,16450.0,16077.0,19846.0,12264.0,7350.0,6660.0,13830.0,6521.0,15442.0,8638.0,18560.0,6348.0,6570.0,13738.0,12521.0,10727.0,10298.0,9304.0,16937.0,12724.0,8580.0,18665.0,16064.0,18199.0,17110.0,16075.0,
6965.0,6710.0,4997.0,9252.0,5934.0,18284.0,11878.0,11193.0,11905.0,17355.0,12959.0,16574.0,19629.0,9088.0,7263.0,17954.0,5709.0,7157.0,16789.0,10927.0,17888.0,9366.5,16900.0,5659.0,15190.0,12581.5,9973.0,14844.0,14731.0,10357.5,5984.0,11137.0,15242.0,11418.0,6461.0,9042.0,12019.0,13857.0,13786.0,19895.0,19822.0,17222.0,5403.0,18167.0,14968.0,
8724.0,5403.0,17962.0,8297.0,9330.0,15232.0,14808.0,8745.0,6342.0,5315.0,5524.0,12411.0,7584.5,6541.0,11722.0,6048.0,15657.0,17645.0,14934.0,12223.0,7811.0,8911.0,17237.0,10482.0,9220.0,14192.0,13603.0,13014.0,12310.0,10858.0,5458.0,8512.5,15530.0,7631.0,15708.0,17847.0,15059.0,17934.0,6509.0,14964.0,17050.0,15759.0,14415.0,6866.0,16617.0,9657.5,7257.0,16965.0,19479.0,10418.0,15680.0,10312.0,19469.0,12393.0,
6757.0,9089.0,10279.0,9515.0,11564.0,15047.0,15082.0,18217.0,10116.0,7777.0,10939.0,9197.5,7456.0,16139.0,11004.0,5715.0,12800.0,19885.0,12482.0,7453.0,12508.0,9252.0,16844.0,17759.0,8047.0,6786.0,5430.0,15485.0,15938.0,5434.0,17310.0,7114.0,5583.0,18062.0,14038.0,10014.0,11487.0,13657.0,17358.0,8755.0,4963.0,5635.0,17203.0,16438.0,7516.0,9226.0,8527.0,12962.0,17397.0,9099.5,10792.0,17683.0,16111.0,9119.0,13065.0,9500.0,15228.0,5682.0,8105.0,
14534.0,9664.0,8938.0,7998.0,7635.0,12521.0,7531.0,11492.0,5665.0,5443.0,10105.0,7806.0,12942.0,10717.0,11111.0,9842.0,14183.0,17705.0,14393.0,13744.0,5573.0,7185.0,6508.0,6073.0,16255.0,14841.0,18876.0,4788.0,10153.0,7089.0,9926.0,5917.5,7796.0,7801.0,8487.0,4778.0,6899.5,9021.0,6891.0,6947.0,7003.0,6140.0,5878.0,8488.0,
11875.0,4818.0,19296.0,8637.0,16536.0,5726.0,11286.0,9233.0,5777.0,4964.0,4985.0,13240.0,17775.0,7862.0,12606.0,19232.0,11733.0,13151.0,13628.0,9259.0,10418.0,10542.0,16680.0,10903.0,13166.0,15927.0,16830.0,4919.0,13292.0,16304.0,11746.0,7109.0,
11515.0,11099.0,6765.0,14066.0,14605.0,17661.0,9706.0,17673.0,16838.0,7633.0,12664.0,5992.0,6521.0,5522.0,12869.0,19343.0,13000.0,9425.0,8470.0,5219.0,10319.0,16270.0,15575.0,17994.0,11636.0,5379.0,12066.0,11587.0,13719.0,15091.0,10249.0,11657.0,13065.0,12019.0,11910.0,11801.0,19475.0,5376.0,
13252.0,10300.0,6008.0,12488.0,8050.0,17010.0,5429.0,15339.0,4742.0,8183.5,11625.0,4860.0,6590.0,9246.0,9848.0,18057.0,15103.0,8741.0,17615.0,12388.0,7840.0,13508.0,11952.0,5996.5,8168.0,11558.0,10193.0,11118.0,19022.0,13304.5,7587.0,10304.0,8576.0,16481.0,19181.0,12828.0,6933.0,10974.0,8552.0,14798.0,11629.0,17287.0,14291.0,17461.0,16725.0,15508.0,14291.0,19968.0,17903.0,12718.0,5946.0,7634.0,
8024.0,6111.0,7332.0,11061.0,15453.0,17322.0,13992.0,19563.0,5930.0,6327.0,18778.0,14235.0,14784.0,6694.0,8331.0,12192.0,9800.0,19229.0,14664.0,18487.0,15014.0,7963.0,6557.0,6670.5,6784.0,13356.0,5291.0,7320.0,5197.0,6521.0,6707.0,7063.0,15185.0,19525.0,17421.0,4881.0,5466.0,12984.0,12434.0,12008.0,7326.0,
11792.0,13844.0,4717.0,7313.0,10271.0,18324.0,12475.0,6218.0,10122.0,13208.0,7826.0,7913.0,15388.0,7418.0,15548.0,7382.0,11223.0,4629.0,14676.0,5557.0,10000.0,7732.0,4906.0,16129.0,5157.0,14149.0,7423.0,5622.0,5122.0,10835.0,13056.0,15993.0,14656.0,19842.0,7946.0,13628.0,15989.0,17105.0,17868.0,15805.0,13542.0,18755.0,17010.0,15265.0,17268.0,14425.0,5546.0,16118.0,6360.0,9817.0,15468.0,10108.0,12922.0,9400.0,6738.0,10944.0,14881.0,
18603.0,9698.0,7217.0,8489.0,8136.0,14743.0,8663.0,6598.0,8697.0,13284.0,18971.0,12234.5,5498.0,7949.0,17736.0,11501.0,18793.0,18775.0,19947.0,16178.0,10755.0,18775.0,11833.0,7168.0,9196.0,14544.5,19893.0,14551.0,19549.0,8406.0,8489.0,19278.0,
15921.0,19621.0,10284.0,9819.0,15544.0,9437.0,18238.0,9144.0,17482.0,19295.0,15930.0,6949.0,19705.0,10071.0,18635.0,16367.0,9960.0,19008.0,5479.0,17688.0,14506.0,17513.0,16409.5,15306.0,14730.5,14155.0,18633.0,15733.0,13152.0,11688.0,6099.0,11867.0,5956.0,10181.0,14406.0,15610.0,14202.0,10892.0,14725.0,18558.0,13668.0,12534.0,12915.0,9460.0,13697.0,5723.0,19418.0,10409.0,5450.0,15252.0,10343.0,10590.5,10838.0,15461.0,4829.0,5036.0,9191.0,9254.0,9970.0,
5932.0,6566.0,11792.0,14749.0,9447.0,10531.0,9464.0,19555.0,12957.0,8508.0,16156.0,4716.0,18090.0,15940.0,19157.0,11769.0,19291.0,12932.0,9490.0,10311.0,9364.0,6951.0,8054.5,9158.0,7043.0,6020.0,10104.0,7393.0,16049.0,7153.0,8281.0,16755.0,8253.0,
14674.0,6445.0,6549.0,6138.0,18354.0,12895.0,18321.0,9001.0,10973.0,4861.0,14419.0,9744.0,17000.0,8584.0,6766.0,6463.0,13756.0,11467.5,19581.0,14613.0,14425.0,8301.0,13709.0,8814.0,10248.0,14075.0,12659.0,10351.0,8148.0,5945.0,4751.0,15922.0,15188.0,19133.0,9935.0,10511.0,6227.0,6319.0,6411.0,12564.0,18717.0,11330.0,5847.0,13517.0,14252.0,17490.0,13422.0,13500.0,9955.0,7655.0,6757.0,14014.0,7544.0,9098.0,10652.0,19009.0,4760.0,17864.0,11509.0,17648.0,15335.0,
5042.0,7939.0,11879.0,16313.0,9510.0,11455.0,17656.0,9584.0,16198.0,9687.0,6734.0,13067.0,16725.0,8589.5,11202.0,5468.0,15856.0,10815.0,5774.0,10579.0,9865.0,16086.0,9373.0,19888.0,14120.5,8353.0,15623.0,10362.0,16847.0,15537.5,14228.0,7927.0,11137.0,8587.0,6186.0,15314.0,11388.0,13554.0,15574.0,13232.0,12011.0,14254.0,10288.0,6322.0,12593.0,9318.0,5555.0,4915.0,19250.0,18531.0,
4879.0,7981.0,15979.0,10444.0,10046.0,8716.0,17103.0,10656.0,5433.0,13663.0,14138.0,14668.0,19867.0,16770.0,
10481.0,19996.0,14917.0,11246.0,17729.0,18683.0,10421.0,7071.0,13703.0,6732.0,15958.0,19220.0,13121.0,5817.0,7248.0,5189.0,
8737.0,15763.0,5042.0,12536.0,17506.0,5725.0,6365.0,14295.0,7211.0,15951.0,5585.0,8425.0,8000.5,7576.0,19338.0,9475.0,18885.0,14191.0,12138.0,5040.0,8469.0,9606.0,11819.0,11391.0,19524.0,11537.0,14990.0,14508.5,14027.0,17378.0,18333.0,19136.0,19939.0,18913.0,17887.0,8053.5,12340.0,7657.0,9481.0,17184.0,12794.0,8404.0,10174.0,7678.0,13320.0,12619.0,16273.0,16345.0,18910.0,6104.0,16932.0,15540.0,8917.0,7160.0,
4849.0,18055.0,17939.0,17532.0,10376.0,12316.0,8077.0,17874.0,8223.0,19729.0,15507.0,11713.0,10772.0,13824.0,10013.0,18471.0,12830.0,5399.0,8993.0,7155.0,11697.0,9790.0,19182.0,17607.0,17448.0,8526.0,8832.5,9139.0,9311.0,18043.0,14362.0,9143.0,14284.0,8167.0,12488.0,15737.0,8855.0,12533.0,6476.0,6052.0,10316.0,15913.0,
4860.0,18956.0,13701.0,17162.0,13015.0,15961.0,10640.0,6321.5,10130.0,17519.0,14113.0,7498.0,18011.0,19664.0,5306.0,11007.0,5939.0,18414.0,11065.0,15037.0,9147.0,7083.0,5712.0,5527.0,13132.0,9212.0,14392.0,19572.0,5356.0,14948.0,5492.0,11057.0,9230.0,17343.0,7833.0,7250.0,18623.0,6899.0,10667.0,5001.0,10192.0,15383.0,14364.0,10105.0,6079.5,19758.0,12714.0,14659.0,19501.0,17334.0,
7287.0,18197.0,16173.0,16309.0,12979.0,18302.0,10287.0,8364.0,9113.0,6872.5,12443.0,14606.0,11267.0,7928.0,12114.0,16747.0,9974.0,14021.0,18068.0,13029.0,8351.0,9326.0,5663.0,10991.0,11288.0,7660.0,12490.0,16237.0,6701.0,9992.0,19307.0,17440.0,16676.0,6350.0,6464.0,6578.0,19733.0,8899.0,5705.0,11386.0,11712.0,12038.0,11628.0,7558.0,7804.5,8051.0,10927.0,18462.0,10655.0,19960.0,18383.0,10576.5,4937.0,18203.0,15926.0,
18484.0,10133.0,13462.0,7163.0,10191.0,8357.0,7310.0,4863.0,12688.0,6045.0,15158.0,10077.0,10105.0,10946.0,11787.0,19894.0,11459.0,6560.0,12347.0,19203.0,8287.0,16285.0,9779.0,
9373.0,19160.0,13607.0,19478.0,18888.0,8079.0,5754.0,18709.0,12366.0,17108.0,10433.0,9571.0,12358.0,11418.0,19742.0,11596.0,18490.0,6436.0,10798.0,16903.0,6057.0,12893.0,6908.0,16730.0,15436.0,
5994.0,14520.0,6562.0,12932.0,17954.0,7202.0,15060.0,19847.0,8805.0,12020.0,14874.0,15403.0,4738.0,11289.0,9374.0,13353.0,15128.0,18455.0,9541.0,10523.0,11505.0,4697.0,16204.0,12735.5,9267.0,19560.0,17129.0,7682.0,7636.0,5470.0,17903.0,11453.0,14565.0,6021.0,15685.0,8928.0,6621.0,5340.0,18652.0,18662.0,11584.0,19388.0,9212.0,9523.0,9834.0,12039.0,6713.0,19482.0,18349.0,10723.0,17921.0,5589.0,6607.0,5028.0,
10959.0,16545.0,6931.0,11815.0,13156.0,14410.0,14298.0,9599.0,8087.5,6576.0,13241.0,7981.0,9247.0,14376.0,6696.0,18486.0,17288.0,13309.5,9331.0,8239.0,16068.0,6590.0,12549.0,10104.0,8176.5,6249.0,13972.0,10390.5,6809.0,10947.0,9695.0,5700.0,10402.0,13812.0,16787.0,17827.0,5770.0,17289.0,12171.0,7258.0,12025.0,12300.0,12575.0,6210.0,16372.0,17483.0,17021.0,8510.0,13108.0,9471.5,5835.0,5451.0,5067.0,7994.0,12848.0,
10208.0,9100.0,13556.0,19108.0,7440.0,17808.0,5831.0,18034.0,16041.0,19628.0,15243.0,10060.0,15908.0,13263.0,14482.0,18005.0,15122.0,15023.0,16866.0,18952.0,
14027.0,8419.0,10287.0,15783.0,8799.0,10243.0,8723.0,7123.0,10001.0,9762.0,18393.0,19788.0,17246.0,6516.0,16877.0,12525.0,11502.0,17988.0,4683.0,7685.0,8180.0,17539.0,8409.0,15733.0,16485.0,4812.0,17966.0,6556.0,15867.0,18422.0,19301.0,17868.0,16435.0,18250.0,7777.0,12179.0,14353.0,18519.0,17280.0,8895.0,5974.0,6349.0,19730.0,19396.0,19062.0,7721.0,19318.0,8939.0,4902.0,15031.0,11228.0,17189.0,19956.0,5952.0,12731.0,8486.0,15759.0,
6069.0,18014.0,16824.0,14903.0,14545.0,18031.0,13049.0,9312.0,10641.0,13872.0,15490.5,17109.0,11901.5,6694.0,4786.0,6234.0,9386.0,13597.0,17808.0,6552.0,17162.0,5072.0,19709.0,
17021.0,6660.0,18237.0,17587.0,14138.0,15519.0,14779.0,15526.0,16690.5,17855.0,5327.0,7013.0,11810.0,8255.0,8553.5,8852.0,12378.0,9385.0,10255.5,18552.0,14873.0,13855.0,7641.0,10606.0,11768.0,13132.0,11169.0,5996.0,19461.0,18925.0,10896.0,9343.0,6405.0,18361.0,6404.0,13355.0,19486.0,10900.0,16620.0,12288.0,13815.0,9283.0,19152.0,8321.0,5495.0,8985.0,11363.0,10348.0,15080.0,18643.0,10005.0,16174.0,16943.0,
17746.0,18368.0,18522.0,5927.0,10007.0,11323.0,12967.0,18244.0,4960.0,11370.0,6131.0,16805.0,7113.0,15391.0,17025.0,13666.0,5946.0,5091.0,6406.0,11840.0,11180.0,13937.0,16694.0,14360.0,12143.0,9926.0,7759.0,14959.0,11454.0,7434.5,7741.0,11399.0,14653.5,17908.0,5119.0,13817.0,12979.0,10888.0,12895.0,11380.5,9866.0,8887.0,16084.0,14145.0,6363.0,5550.0,11026.0,14099.0,17996.0,11796.0,14923.0,18199.0,7456.0,8507.0,16942.0,10924.0,9883.0,15005.0,5342.0,
8317.0,9102.0,7335.0,7165.0,15089.0,5440.0,12330.0,9753.0,9166.0,6191.0,5167.0,11588.0,8819.0,12191.0,5648.0,19870.0,12511.0,5152.0,18877.0,5775.0,5037.0,6764.0,5648.0,9783.0,13029.0,9093.0,10516.0,13561.0,5189.0,8689.0,18553.0,
8166.0,5872.0,8251.0,15637.0,8287.0,17030.0,6718.0,13063.0,13618.0,10870.5,8123.0,7649.0,17752.0,8965.0,10746.0,16361.0,12147.0,9697.0,8308.0,16562.0,17245.0,16467.0,14142.0,6610.0,14380.0,17776.0,15993.0,12750.0,10228.0,19976.0,17065.0,
18468.0,7782.0,7826.0,8690.0,15460.0,8635.0,5554.0,5208.0,19624.0,19987.0,13024.0,14678.0,9511.0,4789.5,9343.0,12502.0,10081.0,17359.0,4627.0,18755.0,19033.0,4625.0,18782.0,17606.0,7841.0,5663.0,7353.0,11967.0,10735.5,9504.0,13246.0,8107.0,19488.0,6974.0,12132.0,10839.0,8215.0,15588.0,
15756.0,13665.0,11620.0,9422.0,11569.0,5809.0,9532.0,17524.0,11662.0,15211.0,16603.0,7262.0,8880.0,11858.0,19086.0,
9692.0,17431.0,18576.0,12975.0,11857.0,15155.0,11176.0,7824.0,19716.0,17053.0,9665.0,13611.0,12689.0,11767.0,10137.0,15144.0,19411.0,7256.0,10914.0,12162.0,13410.0,8455.0,7938.0,16095.0,17540.0,15903.0,7172.0,19629.0,19374.0,5425.0,14654.0,7091.0,9415.0,10290.0,13813.0,15666.0,4828.0,11932.0,8837.0,16453.0,8923.0,19152.0,12387.0,10158.0,7929.0,17804.0,6587.0,8908.0,5952.0,13974.0,11811.0,14198.0,7697.0,
5880.0,10824.0,5353.0,19656.0,8207.0,11632.0,7727.0,16674.0,8390.0,6187.0,17954.0,11021.0,11943.0,9921.0,11028.0,15504.0,18834.0,9857.5,19481.0,5526.0,9066.0,9270.0,10361.0,5709.0,
16446.0,8503.0,16151.0,19216.0,11376.0,8592.0,6720.0,10526.0,14279.0,17002.0,12163.0,10930.0,6631.0,12315.0,14693.0,11098.0,8800.0,6506.0,7231.0,9005.0,17003.0,
15091.0,19098.0,5536.0,19892.0,7882.0,16787.0,18360.0,12459.0,10560.0,15505.0,14132.0,6349.0,8151.0,10918.0,19031.0,17589.0,11826.5,6064.0,4828.5,7490.0,19303.0,18846.0,14922.0,6126.0,12046.0,19883.0,5421.0,
17001.0,19050.0,12624.0,12762.0,8601.0,6026.0,6011.0,13033.0,7585.0,5676.0,10694.0,6854.0,16342.0,16196.0,5704.0,8201.0,10698.0,9345.0,18933.0,9770.0,
19278.0,10049.0,9270.0,19849.0,17204.0,16727.0,11523.0,9044.0,5854.0,14205.0,19158.0,14281.0,7453.0,13429.0,19340.0,17376.0,14184.0,10992.0,18503.0,13751.0,8999.0,19551.0,6993.0,17036.0,8776.0,12353.0,10864.0,7805.0,16998.0,18569.0,9566.0,11967.0,18416.0,19931.0,13998.0,
5884.0,18623.0,17184.0,7390.0,16874.0,5409.0,10072.0,19128.0,16141.0,19547.0,17417.0,16578.5,15740.0,13618.0,11212.0,18702.0,6653.0,17307.0,15275.0,9619.0,16917.0,10872.0,18045.0,10693.0,18977.0,19513.0,4656.0,16592.0,10150.0,14841.0,19190.0,5834.0,13749.0,19070.0,18711.0,16004.0,5530.0,14722.0,6578.0,16866.0,17721.0,
4905.0,9243.0,12610.0,5897.0,17867.0,19748.0,14598.0,11798.0,17670.0,16545.0,16226.0,11190.0,14818.0,11043.0,7522.0,15494.0,4755.0,6613.0,17534.0,15084.0,19386.0,15357.5,11329.0,9606.0,15268.0,8439.5,12822.0,17393.0,4917.0,13571.0,19073.0,18686.0,4855.0,16129.0,18463.0,
5050.0,13166.0,8191.0,6131.0,16773.0,6761.0,16053.0,18090.0,11978.0,11550.0,9801.0,10725.0,14224.0,17723.0,14326.0,4913.0,7209.0,5551.0,15035.0,14994.0,9453.0,5647.0,8212.0,12047.0,9231.0,10011.0,12179.0,7668.5,9394.0,18998.0,17815.0,9582.0,17295.0,15403.0,16957.0,14138.0,6845.0,9803.0,12761.0,14376.0,4810.0,8555.0,11694.0,
17989.0,6866.0,8926.0,14267.0,6522.0,19926.0,7582.0,8749.0,12710.0,15773.0,15987.0,18917.0,13537.0,8588.0,7339.0,6090.0,4776.0,15421.0,10592.5,5764.0,15389.0,8407.5,13113.0,15889.0,11298.0,4791.0,16645.0,15275.5,13906.0,12811.0,4902.0,10662.0,4707.0,9123.0,13054.0,18107.0,8753.0,10863.0,18209.0,12551.0,15475.0,12768.0,4738.0,18784.0,16085.0,17892.0,8606.0,18835.0,19252.0,17013.0,12993.0,10055.0,19370.0,10521.0,17492.0,18179.0,
17194.0,16281.0,12026.0,9400.0,13896.0,13672.0,11376.0,9326.0,18107.0,11372.0,8373.0,18661.0,4716.0,15020.0,6200.0,17506.0,16489.0,17966.0,10382.0,19876.0,7541.0,14246.0,13191.0,11413.0,11214.0,10280.0,19161.0,7460.0,19909.0,10164.0,
16280.0,13211.0,18327.0,17517.0,5826.0,6096.0,16124.0,17636.0,8557.0,6906.0,11422.0,11785.0,6454.0,12468.0,8625.0,6011.0,19964.0,10602.0,13086.0,8048.0,
13631.0,17272.0,12067.0,18991.0,9421.0,14523.0,17728.0,4942.0,5318.0,11144.0,9148.0,19148.0,18480.0,8597.0,6150.0,11805.0,6957.0,9149.0,13903.0,9439.0,6578.0,6629.0,4866.0,5305.0,16060.0,13576.0,18254.0,9914.0,13745.0,9383.0,5042.0,16403.0,8618.0,8802.0,13792.0,11975.5,10159.0,17379.0,17488.0,8269.0,12736.0,10991.0,11439.5,11888.0,7570.0,18334.0,11276.0,14865.0,15274.0,8560.0,17974.0,
4814.0,13561.0,8215.0,7211.0,4795.0,7159.0,7555.0,11437.0,7671.0,14283.0,15031.0,9636.0,18400.0,6468.0,19183.0,17456.0,10085.0,18188.0,16268.0,10345.0,6873.0,11638.0,15471.0,9462.0,19920.0,11851.0,6806.0,12585.0,18364.0,19029.0,6104.0,19423.0,19139.0,
8660.0,16596.0,19481.0,12077.0,18753.0,6886.0,5908.0,15571.0,8082.0,12838.0,13450.0,16287.0,8372.0,10431.0,18725.0,16275.0,13825.0,17651.0,19723.0,18516.0,11284.0,8013.0,7415.0,6817.0,18580.0,14182.0,13935.0,19239.0,19771.0,15790.0,9758.0,18090.0,8874.0,6081.0,15794.0,5595.0,13284.0,18657.0,
19528.0,11950.0,16624.0,17333.0,8561.0,5212.0,19484.0,8051.0,14109.0,17793.0,19135.0,8421.0,7374.0,14928.0,18716.0,6215.0,12910.0,14346.0,13434.0,14121.0,
9674.0,9719.0,13003.0,19576.0,14585.0,14388.0,6089.0,14682.0,11278.0,15059.0,8241.0,6500.0,19961.0,11129.5,16646.0,18272.0,16654.0,15036.0,11078.0,6264.0,13711.0,6828.0,5847.0,9695.5,13544.0,7811.0,11408.0,7959.0,19827.0,7837.0,12431.0,4943.0,9490.0,8425.0,15123.0,10910.0,14277.0,9008.0,8598.0,19713.0,12231.0,4970.0,7607.0,16414.0,10723.0,17303.0,6442.5,11748.0,13138.0,9264.0,4852.0,12057.0,16903.0,14469.0,16656.0,18628.0,4940.0,9980.0,
17691.0,11512.0,15056.0,13819.0,16540.0,5624.0,11791.0,17868.0,9688.0,5294.0,8061.0,15500.0,15050.0,14575.0,12570.0,9127.0,
10156.0,6764.0,15729.0,14062.0,10324.0,7904.0,7531.0,7158.0,13045.0,12974.0,8040.0,5972.5,13360.0,12624.0,14155.0,4998.5,5995.0,18908.0,13746.0,13799.0,15415.0,12012.0,8088.0,14955.0,12606.0,17766.0,13960.0,14336.0,15692.0,9943.0,19649.0,13487.0,7188.0,5345.0,12094.0,10588.0,9082.0,5790.0,7271.0,8923.0,18885.0,8848.0,9568.0,14292.0,10724.0,10969.5,18786.0,10909.0,10892.0,9626.0,8732.0,6450.0,9291.0,
